89.88,
90.93,
87.31,
90.79,
90.29,
89.99,
88.77,
89.52,
88.79,
98.09,
87.42,
87.3,
86.34,
86.2,
85.06,
85.14,
85.33,
83.45,
82.97,
84.63,
90.92,
87.14,
87.86,
88.68,
88.26,
86.4,
86.29,
86.58,
87.91,
86.0,
94.57,
85.77,
85.36,
85.56,
85.07,
85.75,
85.21,
84.66,
83.69,
82.71,
81.82,
81.21,
83.03,
85.46,
89.86,
84.16,
84.2,
84.22,
83.23,
82.01,
82.62,
82.29,
81.13,
81.97,
86.64,
80.66,
82.67,
85.66,
86.42,
86.48,
88.72,
91.46,
93.04,
95.91,
91.86,
92.34,
92.03,
94.61,
101.82,
95.76,
92.27,
90.91,
92.01,
95.23,
94.19,
90.21,
91.94,
88.83,
89.05,
88.79,
97.21,
92.12,
87.71,
87.24,
87.15,
85.66,
89.71,
82.67,
81.09,
83.43,
82.12,
81.04,
87.41,
81.87,
81.12,
80.31,
83.28,
82.55,
82.9,
84.4,
84.83,
85.83,
86.76,
90.46,
82.63,
82.64,
82.45,
77.19,
81.22,
79.97,
80.22,
80.79,
81.17,
81.2,
83.52,
88.16,
82.51,
84.1,
84.46,
86.28,
84.95,
82.28,
82.5,
84.86,
83.13,
83.36,
82.2,
85.98,
81.8,
80.53,
82.4,
83.8,
81.69,
82.47,
84.19,
85.0,
85.61,
87.93,
85.05,
88.81,
86.02,
86.76,
88.55,
85.93,
84.61,
83.58,
86.0,
85.76,
86.14,
87.32,
86.21,
89.86,
85.75,
86.21,
89.54,
88.67,
88.19,
87.42,
85.32,
84.76,
84.85,
87.14,
89.44,
96.7,
89.99,
92.66,
92.94,
95.07,
94.89,
102.22,
100.1,
103.51,
106.34,
108.75,
109.18,
115.5,
113.83,
113.29,
116.06,
117.72,
115.8,
118.75,
117.66,
113.46,
110.66,
105.3,
110.1,
108.3,
104.9,
103.15,
102.34,
100.83,
101.64,
98.68,
99.49,
98.82,
99.33,
96.93,
101.59,
98.87,
99.29,
96.72,
95.09,
91.96,
92.51,
98.44,
91.38,
91.29,
92.42,
90.87,
90.78,
89.23,
92.34,
97.76,
90.07,
88.13,
88.36,
86.89,
86.32,
83.85,
84.1,
84.16,
82.42,
89.92,
86.73,
87.24,
85.07,
86.42,
88.22,
91.02,
91.13,
91.46,
97.86,
89.04,
87.35,
86.46,
85.22,
85.06,
81.72,
82.71,
82.57,
82.39,
83.69,
84.01,
84.17,
93.92,
86.2,
86.42,
88.45,
87.4,
87.27,
87.31,
88.05,
86.5,
85.28,
89.39,
83.57,
83.16,
81.81,
83.81,
83.66,
84.61,
85.72,
87.32,
87.74,
89.28,
90.57,
97.19,
88.09,
88.79,
88.07,
88.26,
86.97,
85.79,
84.23,
86.09,
83.87,
85.0,
89.47,
83.56,
83.25,
84.84,
85.4,
87.5,
85.56,
83.66,
84.01,
86.21,
91.5,
83.96,
84.0,
83.01,
82.47,
82.69,
80.75,
80.45,
85.63,
81.83,
82.57,
84.19,
85.53,
85.41,
85.29,
86.25,
86.83,
85.42,
85.04,
84.68,
83.04,
82.4,
82.28,
82.27,
82.58,
82.75,
82.2,
82.85,
83.68,
82.65,
84.65,
85.17,
85.04,
84.01,
83.5,
84.18,
87.26,
86.51,
85.22,
83.13,
83.18,
81.53,
81.99,
83.51,
82.85,
81.06,
81.57,
80.58,
80.59,
80.68,
81.3,
80.69,
82.43,
81.8,
78.76,
79.31,
80.27,
81.79,
79.93,
79.42,
78.76,
81.61,
82.52,
83.01,
84.18,
82.23,
84.92,
86.89,
91.34,
92.36,
92.07,
91.51,
96.04,
97.14,
96.38,
93.56,
92.46,
92.08,
92.0,
90.06,
88.84,
88.12,
87.71,
86.96,
86.62,
87.39,
88.5,
89.84,
88.4,
86.32,
87.8,
85.95,
84.94,
84.27,
84.52,
82.72,
82.39,
81.59,
82.05,
83.41,
84.09,
84.9,
84.42,
84.78,
87.74,
86.81,
86.99,
88.97,
89.35,
89.11,
91.68,
89.73,
87.7,
92.31,
86.48,
84.87,
83.98,
84.3,
86.7,
86.0,
83.02,
83.51,
83.28,
84.29,
85.12,
85.79,
87.23,
87.21,
85.69,
83.14,
82.77,
84.4,
83.58,
82.26,
83.02,
81.45,
83.26,
84.11,
82.78,
84.91,
86.37,
87.83,
88.56,
89.39,
87.15,
88.59,
87.87,
88.22,
88.78,
88.04,
87.35,
86.58,
86.74,
85.88,
86.36,
85.34,
85.24,
84.8,
85.96,
87.31,
90.08,
89.29,
85.76,
83.28,
84.23,
85.45,
85.09,
85.4,
84.04,
83.05,
82.82,
81.88,
82.26,
81.96,
81.25,
81.44,
81.22,
82.27,
82.77,
84.54,
91.97,
84.08,
82.77,
84.02,
86.13,
87.0,
85.74,
83.96,
83.5,
83.28,
83.85,
81.92,
82.57,
82.3,
85.38,
85.39,
87.5,
87.44,
88.3,
88.37,
85.91,
86.67,
86.46,
84.44,
84.07,
83.92,
83.5,
82.98,
81.71,
81.35,
81.45,
81.35,
81.91,
84.27,
85.17,
88.02,
87.06,
87.69,
88.2,
89.29,
88.49,
88.87,
88.55,
87.01,
86.98,
84.75,
82.85,
81.72,
82.99,
84.13,
85.41,
85.19,
87.3,
89.29,
89.82,
88.33,
89.31,
86.86,
85.63,
85.12,
85.67,
83.1,
82.58,
81.36,
83.74,
83.13,
81.55,
80.41,
82.12,
81.07,
82.04,
84.0,
85.57,
87.54,
87.81,
87.93,
86.77,
85.98,
84.95,
83.82,
82.79,
82.27,
81.49,
83.23,
83.73,
84.6,
85.48,
87.42,
89.46,
90.33,
91.18,
90.39,
90.21,
89.62,
89.92,
89.03,
87.72,
85.0,
85.4,
85.3,
82.57,
82.47,
82.39,
83.76,
85.52,
84.57,
84.62,
86.21,
86.77,
87.57,
87.13,
85.27,
87.08,
86.64,
85.52,
85.26,
85.25,
84.67,
84.46,
83.14,
83.86,
82.26,
83.97,
83.32,
84.92,
85.9,
86.26,
86.31,
85.6,
85.89,
86.08,
85.14,
84.32,
84.26,
83.4,
82.03,
81.56,
80.15,
78.6,
79.67,
79.87,
80.58,
81.68,
84.85,
85.08,
85.35,
85.48,
85.91,
85.71,
85.46,
86.81,
89.1,
87.61,
88.19,
87.99,
86.91,
87.59,
87.06,
85.66,
84.68,
84.72,
87.28,
87.3,
88.78,
86.78,
86.07,
86.61,
85.74,
84.59,
84.7,
84.94,
85.01,
83.46,
85.21,
84.39,
83.25,
82.92,
81.93,
82.45,
85.17,
85.95,
87.31,
88.72,
89.99,
89.99,
91.71,
90.24,
90.29,
90.31,
88.18,
89.13,
89.53,
88.21,
89.29,
89.72,
91.81,
90.11,
90.08,
90.6,
90.11,
91.26,
91.51,
91.68,
91.23,
92.41,
91.94,
89.67,
87.99,
85.92,
86.25,
83.34,
82.83,
82.34,
80.84,
81.9,
83.28,
83.42,
85.79,
86.63,
88.91,
87.84,
88.18,
87.63,
89.71,
89.15,
88.69,
85.44,
85.13,
83.22,
82.83,
82.59,
81.66,
81.71,
81.47,
82.86,
84.75,
86.05,
87.51,
88.05,
86.85,
88.17,
87.76,
87.99,
87.99,
86.49,
84.83,
84.34,
83.6,
82.5,
82.51,
83.05,
83.36,
83.79,
85.27,
86.68,
87.0,
85.98,
85.52,
87.49,
85.11,
85.12,
84.62,
83.49,
82.38,
81.31,
79.93,
80.68,
80.79,
80.62,
81.15,
81.51,
81.09,
81.9,
83.96,
85.33,
86.6,
84.36,
87.42,
86.44,
88.52,
89.31,
88.38,
87.3,
86.01,
84.04,
82.0,
82.75,
82.03,
83.02,
82.34,
84.23,
84.01,
83.36,
85.2,
86.97,
88.3,
87.11,
85.47,
85.8,
83.97,
83.01,
83.22,
82.82,
83.43,
81.59,
81.9,
81.08,
83.0,
84.05,
83.86,
86.65,
86.29,
87.09,
86.18,
84.42,
84.17,
84.77,
84.59,
85.26,
83.99,
83.6,
80.92,
80.33,
79.27,
80.03,
81.9,
82.29,
83.28,
84.32,
85.76,
87.45,
87.13,
86.79,
87.56,
86.82,
88.31,
88.55,
87.27,
84.81,
84.45,
84.0,
84.46,
85.38,
83.44,
85.84,
87.62,
87.58,
86.31,
88.54,
90.09,
90.48,
90.74,
90.43,
88.86,
89.37,
89.78,
90.62,
91.23,
89.41,
90.35,
91.46,
90.91,
94.61,
96.81,
98.32,
98.42,
102.46,
100.52,
102.45,
105.73,
106.28,
107.15,
106.85,
104.85,
104.79,
104.34,
102.74,
100.9,
99.76,
102.15,
99.87,
98.28,
95.35,
95.42,
96.21,
96.89,
94.98,
96.27,
95.44,
93.76,
93.67,
92.91,
92.94,
93.0,
91.02,
90.3,
90.06,
87.79,
86.64,
87.03,
86.88,
88.03,
87.95,
87.58,
86.74,
88.15,
89.55,
88.77,
86.84,
87.29,
85.38,
85.02,
83.27,
81.83,
81.0,
79.27,
80.58,
81.28,
81.41,
83.57,
82.05,
84.08,
86.63,
87.89,
87.65,
85.87,
85.56,
84.13,
83.01,
82.26,
83.99,
83.31,
82.7,
83.12,
82.32,
81.55,
83.38,
83.28,
85.4,
85.61,
86.38,
86.44,
87.15,
88.78,
88.92,
87.8,
85.98,
85.51,
86.57,
86.24,
85.64,
84.35,
83.91,
82.37,
83.21,
85.41,
85.86,
84.71,
85.42,
86.32,
85.07,
85.12,
84.46,
83.04,
80.98,
80.56,
80.03,
80.84,
80.78,
80.24,
79.71,
81.39,
83.73,
84.09,
86.68,
86.34,
87.31,
91.6,
91.28,
92.53,
93.08,
92.77,
94.12,
94.16,
92.55,
91.76,
88.96,
87.45,
86.13,
86.56,
85.86,
85.74,
86.81,
87.14,
89.91,
88.25,
88.33,
88.22,
87.64,
86.79,
87.74,
86.51,
84.44,
83.44,
83.29,
82.56,
82.9,
82.59,
84.08,
84.8,
83.63,
84.75,
88.25,
90.25,
92.67,
91.14,
91.93,
92.05,
92.23,
91.67,
91.94,
93.26,
92.11,
90.9,
90.54,
88.0,
87.98,
88.22,
86.78,
89.08,
87.62,
87.65,
88.33,
89.29,
89.2,
87.92,
86.08,
84.28,
86.39,
85.45,
87.04,
84.35,
82.67,
83.09,
81.6,
82.68,
84.27,
86.23,
85.35,
87.29,
89.49,
88.44,
88.48,
90.17,
90.48,
91.76,
91.79,
90.04,
89.09,
87.42,
86.05,
85.37,
85.91,
84.74,
85.67,
87.31,
87.99,
87.02,
87.69,
87.0,
86.64,
87.26,
87.0,
85.92,
84.5,
85.03,
85.92,
84.03,
82.65,
82.05,
82.42,
82.64,
84.59,
88.39,
88.1,
85.76,
85.72,
87.53,
87.56,
90.09,
91.79,
93.3,
92.18,
89.98,
90.57,
90.24,
90.69,
90.71,
87.49,
86.6,
86.29,
85.19,
85.29,
84.2,
86.29,
88.34,
87.37,
87.9,
88.74,
87.7,
88.88,
87.6,
86.15,
86.75,
85.92,
86.61,
86.03,
87.2,
86.67,
86.06,
85.62,
